75
112
300
488
600
750
1087
1425
1762
4575
3375
5025
3862
6638
6337
9225
7612
11362
14925
19500
21000
27788
27000
32137
26775
25987
27150
31350
32138
38512
40350
45712
46762
54037
56813
63488
64463
296288
77775
85725
87188
98325
101738
111338
114412
126450
131700
143325
145313
160200
167175
179025
207938
200587
207900
222637
228375
246000
256163
272550
276713
457725
309937
330375
334687
359588
371700
421613
401025
428025
440400
466687
470925
503737
519075
545738
552488
606412
602625
634050
644738
680850
698475
732900
760538
784050
808613
895012
890663
915413
948188
967575
979200
1248675
1049588
1098900
1146113
1336462
1194037
1270763
1254488
1464038
1337363
1400438
1413225
1535288
1562437
1577212
1822050
1667812
1775812
2323162
2206650
2280338
2474250
2370188
2025750
2490862
2786963
2601488
2457712
2657212
2618250
2701200
2693700
2857950
2893012
2755238
4849762
3125887
2934487
3122887
3044850
3316687
3186337
3298612
3528413
3446737
3510900
4045275
3629100
3842963
3958013
3977587
4046550
4412700
4768425
4592925
4266075
4598400
4436775
4970550
5356350
5109825
5407912
5505338
5520787
5917125
5770987
5898075
6283312
5973075
6277537
6306188
6503962
6408375
6588300
6741600
6792825
6933375
7040700
8409037
7329600
7433025
7634025
7636387
8020725
7919062
8256487
8276962
8153250
8473687
8509763
8603212
8926162
9062963
9666188
9251512
9363750
9539138
9563287
10293188
15885900
10247812
10322212
11994975
10672837
11017763
11207737
11004862
11247338
11459400
11449425
11697412
11743012
18291187
12037275
12498713
13009650
12783412
12969000
13362000
13720163
13495350
13771312
13755263
14124900
14260425
14263988
14673750
14653200
14899200
15092175
15325312
16701450
15850237
15941250
16297800
43525650
43866675
44133938
16652437
16893712
16990388
17316038
17425350
17653237
17846737
18091762
18785887
19053563
25222800
18934763
19411463
19529737
20046488
20052000
20734462
20559487
21355275
21216225
22031062
21667875
22821900
22567725
23536050
36813000
24485025
24140625
25065825
24228712
25494038
25535925
26173425
25192875
26792813
26450475
27459825
26526525
27972750
27669113
29194463
28027875
37596713
28918162
29958488
29097787
30543113
30134475
31363613
30413325
31904137
31586625
32627738
31525088
33229012
32920912
33952762
52602150
34916850
34147650
35420887
34996200
37266300
35821912
36788625
35313188
37500750
37148925
38424075
37095637
39370838
39803400
40295100
39111300
40714875
40252688
46255050
40946588
42689363
42043687
43631400
41577225
44301600
43615912
60545850
43392038
46802137
45309337
46621313
70781100
48166013
47030475
49054462
47013450
49150838
49957725
50261850
48344100
51481838
50644988
53561100
50812613
53311013
53039063
54290362
52563150
56268825
55240312
57269437
58782488
127686975
69174675
60957150
56436563
61308225
59761200
60430500
58512712
62302500
60661500
64047938
95862750
64566713
63449138
66466088
67156950
66775687
65845875
68062013
64823588
69818550
70305975
70512487
69987413
74076937
76605525
73243725
69567300
75858037
73942387
76510387
79342650
79004813
76905412
78674438
74517113
80083537
80859075
81807975
80248688
109729875
81916650
84263513
120980663
87969675
84953250
92566538
85637850
88576388
97420350
90566137
86014987
92834962
105802388
93246675
90834112
94980900
97405688
96306150
90715537
97570537
98059425
102080513
96513225
99710550
100866938
105986138
100931475
114725062
122885475
112278338
103858875
112428075
108168525
108584250
157653525
111379575
110942888
118405575
118298437
114110062
117230325
115643288
114276600
117543562
119786175
128638725
116659050
120810225
120963487
136234838
118177125
125586300
125641613
128661450
126121800
136794712
136124100
178054012
136187137
137344537
133520700
140836350
134430338
136279537
136160738
137510062
193168163
144326588
141332700
145427212
143846887
144178200
149826825
197227837
155038237
150453863
149435775
172861837
151859213
155406262
152298375
157018087
155236050
166233263
170124413
160808738
170573137
167837663
163127925
163587000
171218700
177200025
170117212
170895375
170892788
172761263
190308075
176334563
242058225
178493925
204554437
183849488
183509962
226150613
187214063
184687350
190592288
193147500
192489975
193618163
196096762
224209950
198075037
195864713
200810737
203498025
202792650
208204125
