112
75
300
338
450
600
862
1200
1013
1687
2100
2550
2700
3113
4200
5100
4950
5813
7275
8625
8438
9825
11663
13725
13200
15525
17925
20925
19987
23175
26325
30225
30038
33262
37200
41812
41475
45263
50663
56550
55763
62213
66975
73950
73125
80888
88387
94988
93675
106388
109350
119175
118050
128175
138900
147750
146663
155213
166837
179775
178313
194175
202313
216862
215287
226313
242063
258562
256838
274013
287100
305625
303600
322800
337575
357787
355500
371138
393038
415688
413137
433575
454313
479512
476287
504038
522150
549225
546000
576112
595575
625650
621825
730837
676425
709613
826875
731475
765187
804975
794363
832088
860362
898762
908850
932363
961950
1019812
1013287
1060163
1112963
1163175
1636913
1486575
1591275
1710713
1672612
1761525
1861912
1882650
1767150
1896450
1604662
1669200
1957725
2026200
1782825
1843425
4482038
1909912
1979250
2021212
2036813
2082225
2139000
2202375
2238075
2269875
2318887
2393063
2388075
2550300
2527087
2617162
2791650
2663325
2889300
2837925
3033225
2884725
3021038
3075187
3477712
3502987
3554400
3659475
3656513
3775500
3822375
3911287
4236150
4000912
4092525
4223062
4234125
4299263
4378950
4475100
4609200
4632075
4697175
5259337
4824150
4919213
5008612
5130825
5518312
5258813
5367262
5459775
5482200
5595525
5704875
5793337
5974912
5952038
6156000
6328987
6244987
6330975
6449025
6576788
15046500
6698288
6831413
7979775
7043850
7129012
7295663
7377412
7547063
7548375
7788938
7802288
7905188
17396138
8122763
8292450
8889975
8411175
8534062
8776087
8790525
8908012
9013800
9209287
9550500
9334275
9593212
9638775
9834675
9791662
10011375
10142550
11140088
10350375
10503150
10762463
10796063
10908863
11051663
11321437
11514150
11465363
11588850
11868862
11846962
11960175
12165600
12521625
13414237
21884625
12855000
13080637
13365487
13619550
13428975
13663200
13939763
13855162
14075925
14714250
14333962
14917200
15108675
15776962
47602913
16483987
16918650
17428462
17210213
17957663
18687112
18866625
19421063
19869563
20676637
21203550
21045937
22104675
22185525
22686900
23359312
32465625
23373450
23866650
23052862
24049650
24278437
25084012
24349425
25431525
25244625
25967662
25125675
26394262
26606550
27181800
37822463
27389325
27572588
28344300
27377025
28577362
28846012
29529300
29113275
29787600
30025800
30713250
29971313
31239900
31224975
32064113
32843325
32452575
32761688
33407287
32189213
33750788
33891938
34760437
34461937
34956600
35336137
53949038
35132813
36326438
36811238
37582275
68967150
37933763
38327025
39237113
38036362
39570300
39672075
40698487
40366575
41118525
41307113
42153562
40938188
42566850
42742200
43964888
44916675
44117625
44469900
45400462
43971450
115282987
48219900
47266500
46311263
47743050
47639137
49185825
47484600
49355662
49768725
50600625
93147300
51151725
51300038
52318988
50521800
53010563
53158575
54196462
53857125
54867525
55327425
56133825
55065863
56797650
57578288
57975562
59874600
58593975
58956375
60176737
58491187
60523087
61040025
62186550
61656863
62584238
63072825
64446900
62541413
71265112
64738650
66006000
119035913
66877125
66903225
68684400
66647588
69242325
70794750
70435762
69656250
71437500
74163825
72868013
70499738
73499362
74494163
75458663
77043338
76088362
76423988
78344663
75351337
78089288
78530062
80343713
78239775
85581225
87570675
82919850
80326912
83911800
83673187
85214400
154145212
86944200
86110500
90547763
86229900
88659675
90581063
90373650
89135662
91667887
92167837
95056800
90194588
94075500
93453337
102037950
97447050
97990425
97276387
100002787
95096813
101463675
100498912
170004937
100181775
103025025
102247875
105923550
101481787
106868175
106018987
107659387
190275375
109283138
108477000
112110000
107595225
112446150
112192462
186140475
112444650
115721662
114678000
157640212
112923225
120797962
118313738
122341463
122100413
125913825
123436387
125173688
121004588
130369463
125392350
128181188
125011988
135091987
128588362
133786162
126195225
132440100
136704713
135618262
236254462
136945575
147771862
146249437
133781813
205666612
141288337
143609513
142855875
146123587
145891875
148021388
144052125
203025075
153147037
130715757
153391725
158704650
152643937
162336900
