75
150
412
825
1463
1913
2738
3900
5737
8175
10687
13463
17925
21675
27075
32962
40312
48187
56287
65888
76538
88500
101513
115912
130500
147825
165825
201412
225525
229988
254100
280350
309375
337988
412537
432525
473100
511837
551925
597188
645000
684938
739425
792263
849900
900300
962587
1026750
1086300
1162762
1226063
1302600
1372537
1459462
1539825
1627613
1717612
1802062
1892775
2003625
2108813
2201175
2309325
2427262
2538000
2662462
2786250
2902350
3041063
3175350
3300150
3448762
3591675
3738600
3895387
4069537
4215375
4389487
4551525
4734787
4910400
5093437
5287013
5476200
5685525
5884313
6084338
6298837
6517388
6732525
6961462
7193587
7431000
7888875
7916775
8173575
8419312
8691337
8964037
9254250
9522225
9819225
10091400
10385212
10698300
10993275
11345925
11646975
11978175
12321187
12682538
13052963
13365600
13757963
14153175
14494087
14870250
15260512
15659813
16127400
16655512
16948425
17345737
17818800
18196875
18667687
19129838
19580925
20126213
20519062
20967675
21524363
21924337
22475438
22944112
23490900
24048038
24537900
25035038
25603087
26156700
26694525
27302362
27899700
28408125
29110913
29674913
30282300
30771525
31477575
32053950
32797312
33355125
34236750
34794375
35435100
36172988
36815587
37434000
38194463
39080963
39703875
40375575
41151562
41785350
42785362
43418137
44207513
44864512
45791475
46664625
47498250
48174225
49114200
49876087
50835187
51681937
52550175
53459887
54343837
55215712
56141212
57082987
58020188
58931400
59922487
61064887
61911225
62790412
64087725
64804838
66016313
67223138
67958438
69317813
70144988
71064863
72383962
73284788
74678925
75462675
76836487
77778637
79050600
80356500
81531375
82549650
83743987
84847650
86176538
87464625
88627087
89909887
91335862
92463338
93786750
94810688
96335700
97652850
99288188
100277738
101807925
103104750
104527950
105984488
107360925
109235100
110393663
111635738
113155125
114675450
116154525
117949613
119229037
121208888
122346562
123934987
125424300
126963450
129673613
130967550
134411812
135581850
135079687
136738125
138526275
140262787
100562517
155725950
158900513
162992138
149020462
151008225
152517188
154585313
156275625
158472825
159855300
162083625
163784550
166298100
167504138
170818013
177329850
173954025
175496400
177531375
179226713
181990012
183460350
185839537
187443713
190279088
191779800
194233050
195926362
198429750
200067150
202473300
204510863
207460388
209132250
211173187
213124950
216061950
217848563
220341000
222191062
225378675
228120113
229810912
231828862
234138562
236774513
239230350
241058775
244538850
246207188
249055988
251052037
254513175
256179375
260311050
261347137
264887512
266500725
269560800
272120700
275509313
277027013
280412062
284243663
286141950
288090187
291036825
293918475
297049725
299688000
302393813
304884038
308946000
311247712
314234175
316545675
320156362
322592550
325546050
328386975
332414737
334410262
338034337
341225325
344451450
346837163
349827150
352910738
356673600
359443612
362946375
365979600
369325350
373308975
376935037
379212262
383722200
385927200
389622263
392458012
396472875
399691613
403209938
406896863
411977100
413436263
421124287
421297013
424332412
428663325
432141525
435397237
439653638
442917300
446559637
451959637
455855550
458829000
461817900
466472700
470061975
474048412
477691613
482037300
485299950
489315150
494814375
509357369
502048237
506151075
510450750
513645187
518077725
614739091
538798917
534760087
785821311
570926794
543874538
694900970
550674150
560478483
562780425
579037725
576486941
573159900
582982125
581918963
590770875
590780850
595058850
600675563
602748637
608687062
613051238
624207787
621858975
626646112
630938025
638238225
639669713
647617425
650976075
654120975
659716313
665645888
671559563
675426225
680618733
685528125
689237400
695432325
700908487
703907063
707892600
715504313
718175625
724605225
729182962
735045825
738584850
744791362
749528887
755887050
757974150
765649988
770784675
776956912
780640800
788540400
794590162
878175854
802168275
809011688
815287350
821325900
824433450
831727613
837577350
851530725
855096188
857329275
862941075
866934788
871328062
881720363
885218587
892998825
896576775
902382638
906306150
914273512
916812413
925330612
929059575
936632550
943205700
948930938
954658575
960521325
967447763
973344412
979112287
986549925
990056175
998806012
1003465762
1011423338
1016102625
1023214275
1031493788
1036542750
1040716950
1048167788
1061773500
1063641900
1067220750
1077616087
1082341950
1090244138
1093385737
1104448650
1108963050
1116936825
1121627962
1131075525
994872425
1162931025
1165213463
1176305588
1183606725
1192121587
