38
38
225
450
600
750
900
1275
1762
2288
2925
4050
4763
5700
7350
9150
10988
12600
15413
18187
21037
24188
28163
37312
37387
42375
47888
54038
65213
70800
77850
85612
94200
88612
96413
131250
139913
148463
159563
172462
186262
201113
215700
232575
251138
263888
280275
299062
317475
332550
354262
376125
399600
419137
444450
469425
497887
527737
559837
584250
611813
642225
668700
700425
731438
764925
793200
829237
864450
899100
936263
970050
1013700
1061250
1095787
1143113
1177388
1223700
1397100
1321913
1376588
1422675
1482900
1539375
1598100
1654050
1708800
1760438
1820588
1890263
1940662
2013450
2069250
2283825
2215200
2300025
2337750
2463487
2550375
2626612
2645175
2784450
2830238
2946225
2929538
3111337
3160538
3301013
3315300
3497550
3559988
3708263
3688650
3925237
4103513
4164713
4162425
4361363
4424962
4600462
4554637
4835025
4892662
5101725
5105363
5338388
5429100
5602538
5938575
5868600
5955638
6130125
6166650
6623962
6537375
6701213
6715425
7000800
7086000
7283288
7338375
7587150
7673287
7922287
7881525
8252925
8672887
8610562
8594212
8905800
9025200
9272100
9284513
9639038
9735863
10014150
10089037
10372612
10502288
10763325
10703738
11160488
11413125
11592225
11601038
12040688
12141825
12426150
12397425
12879638
13012500
14525288
13350450
13824975
13920000
14249100
14139637
14715375
15053700
15275475
15234787
15708150
15883762
16323037
16235437
16827975
17477775
17290275
17299313
17963662
17978175
18461963
19229962
18987187
19116675
20174625
19618200
20450813
20266613
20772638
20622750
21364800
21459675
21957225
21877163
23901225
22842900
23283713
22978763
24069300
24072900
24710250
24618900
25380788
25533525
26028038
25893150
26846175
26827237
27484912
27351638
28538325
28401525
29011350
29531137
29790150
30139163
30549150
30530212
31520775
31599787
32152800
32052825
32946525
33989925
33864375
33730613
34665488
34855875
36021000
35030663
37228613
36586500
37396012
37102350
38388825
38340825
39448162
38923350
40384425
40924238
41719725
41671462
43023450
43493513
44199413
48021863
45988988
46170600
46728412
46707562
47983912
48388313
49269675
48703612
50305050
50528137
51366300
51349425
52490287
52830825
53908538
53126212
58183387
55193962
55987988
55919512
57099075
57635100
58342575
58282462
59582513
60237187
60905962
60942712
62327325
62747813
63528488
68947650
64931775
65620350
66282000
66728025
68307863
68230875
68967525
68643450
70613437
71138700
71930175
71728425
73173000
73792800
74721337
73996012
76102500
76707675
79736025
77802900
79619325
79695412
81048637
80292787
82565887
83009888
89368688
83713613
86766975
86229600
87149438
94333275
89103338
89368425
90721537
90136988
92089275
93275025
93766087
93330712
95670113
96281175
98518238
97107075
99347250
99953550
100693875
99866550
103647938
103668037
105401738
108071325
116640750
123101588
111991913
108950175
113744062
111822825
112289625
111901238
114360938
115299975
116709413
125711175
118134750
119294475
122219775
122741025
122688788
122975775
124288875
123849862
126874275
128304450
128264100
132736200
132896775
135003600
133006613
132473813
136492275
136004888
139085662
140592263
140515688
141795975
144390075
140554725
144896512
147636037
147188700
146708325
194815350
149161350
150863325
162954975
153923663
155352450
164166862
156521737
158701200
174837862
163296937
160512225
164626275
173276288
168084225
166107563
168353100
174224887
172985025
171741600
177010275
176928525
182687888
176510850
179433900
181369800
189644100
186221288
192392775
219269362
202879125
190598663
197067712
196624875
194274713
207818813
196228950
201656812
207522600
213868762
205300612
207510862
210082837
205959337
209571900
212153513
217906950
209961525
218441250
217956037
231073200
216575625
223850325
223895963
229122262
226165425
236972775
237514688
248085375
237468750
240471450
239509237
248965987
240126600
242481000
244266975
245212313
259475700
251527012
252186075
260852175
255326850
258089288
259065600
278306400
263038425
266874563
267689025
276780787
267930300
274663238
273389063
277819950
274748813
279351187
284535300
282504938
301958887
289227300
287610150
290701200
292042200
295398000
297914513
301921987
300942525
304351275
310390950
307394325
319832550
312359813
342043050
319212225
318404662
328317825
322474762
321928200
326329388
336671625
332971500
334652812
334750537
343124662
339952275
341088600
347699700
347536500
347875463
350864588
