38
37
188
375
562
675
712
1237
1425
1913
2213
2888
3638
5137
5587
6788
7800
9675
10950
12825
14925
17175
19425
22125
40875
37725
32062
53362
53775
65475
94612
79275
76725
81900
69637
76537
103575
116400
124087
129488
143250
149175
161475
172050
186150
196125
206588
224775
374662
302212
269925
284138
293213
314100
374362
395850
367987
384975
405262
422475
446212
466200
490763
554250
560850
558188
646313
608025
634425
664950
690750
722775
747600
839475
810150
841688
912000
921562
952012
985350
1020263
1151925
1093688
1183538
1175100
1218412
1353300
1473825
1378950
1380000
1420538
1511625
1579537
1625063
1660650
1699987
1780687
1757550
1917787
1967288
1915650
1967587
2080237
2131838
2346712
2266388
2283563
2467312
2537287
2479238
2669550
2750550
2815200
2800613
3296025
3198075
3157237
3269100
3232500
3462525
3517837
3508012
3712650
3804113
4040325
4311937
4084088
4161300
5069175
4286850
4764975
4531088
4535062
4724325
4866413
4878488
5085000
5426512
5436000
5429700
5497013
5642588
6026287
5897100
6134475
6587550
6410962
6633112
6389925
6906675
6678113
6672300
6890063
7885575
7202850
7408425
7770113
7706588
7924838
7882125
8192513
8032800
8501475
8504025
8659387
8923500
8909212
9353812
9560325
9449475
9977625
11205300
9961275
10195912
10259062
10452713
10923937
10879875
11110463
11247825
11653800
11540213
11887762
11806425
12347513
12439463
12884363
12769238
12995100
13321050
13354350
13768988
16182037
14127037
14310525
15243600
14813138
15624413
15382537
15432075
15813900
16049550
16407712
16322288
16336612
19178512
16853325
17539050
17684063
17637375
17876738
18202312
18637387
18670538
18985200
19079025
19486912
19910737
20901225
20272463
20917425
20869613
21479400
21828338
22756125
22218938
22628137
23220750
23302537
23506837
23848987
24236287
24409387
24858413
24649050
24911663
24927450
25778100
26036550
26651025
26504137
29376787
27355763
27710250
28761037
27671213
28888013
29415375
29301075
30115387
30892275
31283512
31746150
32306738
32490600
32899238
68068650
34791112
34267012
34898737
34015725
35534700
35131237
36672488
36166950
37590750
36736162
37597612
37761900
38697525
39462150
40175625
40390387
51399150
41595638
42028913
42301463
41920800
41671500
42648488
43474650
43416075
43544550
44554912
45435750
46180425
46565400
46865775
62485838
50273775
49224375
49731300
51059550
52299863
50964375
50682563
50653350
51864787
54024187
53303363
53208975
53916488
53304900
54356363
54203663
54951825
58050712
61897800
58866113
61026300
60201675
59496750
60111338
69935138
73114462
78466538
61648913
65532038
65037113
65633850
86836838
68355863
65741925
66432188
65288588
68997112
39166546
67886925
67531763
69104850
69273750
71589788
70052925
71719950
72114075
72991950
72745275
75448650
74877712
76853325
79339088
103239675
95460150
81831938
78759375
83030212
80939475
81350512
80946900
83055037
83270325
85324125
112593975
85899825
86462700
89237100
90232162
89359463
88906350
90106688
90256013
92636850
93678113
93231600
97725938
98058825
100226137
96776550
96884288
100365000
98501100
101591175
104396062
103645687
103777500
105332438
102603825
105681113
109010888
108118725
107054550
149971538
108238012
110061412
145008038
113723363
112140938
123855150
114369037
115846350
131706075
119725012
117586763
120954638
137428275
123480375
121066200
123080362
128978587
127364587
126613162
130357613
129920137
135953700
128791500
131043825
133197862
142470562
137693963
150292238
167380763
154430700
141575963
148926375
145855838
143387100
185867325
144646988
148880475
161693887
160642200
151391813
155532188
155614087
153143925
154744162
156458025
166793513
154604700
161930925
160392900
188042663
159291525
167672400
164938312
169654237
168115988
183137175
182515088
216827512
184338150
184033988
177695325
188073225
179193113
180908662
181015988
180669788
233243400
189184650
187550587
196345725
191446725
192483187
194126625
242747925
201853950
198653250
199235438
230376037
199627462
211312800
203288775
209343113
205145250
220316550
218621250
211091250
228407700
219228450
214189875
218667863
222070800
234237000
224249550
229136063
225384675
228693675
249801038
230735287
287137425
236037750
270791775
252027788
240650400
281549663
244936575
252305138
250961887
260684062
256059038
254564925
257054175
289063313
258922725
261801900
265638450
270926925
265507200
276571463
