300
90
240
330
450
690
840
1110
1500
3090
2460
3840
3060
5280
5070
6780
6000
8940
9120
10980
10560
13620
14220
16770
16770
20610
21720
25080
25710
30720
32160
36450
37380
43290
45300
50940
51300
59070
61800
68280
69330
78300
81420
89010
91590
100980
105240
114420
116640
128520
157500
143250
146730
159930
166200
177780
185580
196680
204930
217950
221370
240030
248130
263940
268500
287670
296760
314880
320820
342240
352170
372690
376920
402720
414060
436560
441990
469650
481980
509700
516060
544170
559110
587040
593220
627480
647850
673470
682920
721920
734790
767700
779550
995370
837540
1001490
918570
931500
948630
991770
1001130
1050570
1062330
1108140
1127760
1173660
1403970
1643460
1270470
1326780
1363170
1410150
1736490
1659570
1959240
1882410
1619670
1971960
2081610
2076030
1818300
2102280
1920810
2214690
1999140
2193000
2123100
2294310
4081320
2363130
2333400
2519880
2537580
2571090
2675940
2750670
2765820
2881080
2839680
2969430
3016830
3143970
3082530
3239010
3506100
3502380
3626700
3698670
3433530
3785010
3958470
4041660
4173870
4196070
4286610
4586910
4375290
4636140
4690740
-1407199351
5973600
5915063
5998387
6127162
6267788
6367163
6449025
6567450
6702900
6822113
6902700
8093700
7134637
7265550
7397062
7497038
7829700
7823100
7982887
7994737
8079750
8280488
8379188
8502787
8713388
8811450
9500625
9123900
9196050
9360150
9479512
9668888
15561375
9960975
10114125
11942775
10739925
10826700
10821675
10923900
11119313
11156625
11287650
11674650
11559600
17937825
12012600
12182288
12651263
12445125
12666675
12803137
13014900
13169175
13289175
13538100
13787512
13881037
14029725
14244188
14490037
14591287
14837700
15120488
16203637
15441900
15654975
15855487
16277963
16208212
16380675
16612688
16940400
17069850
17396400
17476200
17694487
17973225
18109575
18814313
19165125
25126875
18958012
19579875
19513500
20004525
20072325
20739112
20639287
21328725
21374062
22084650
21656025
23039513
22550100
23469675
37122937
24626250
24220275
25128975
24433163
25523025
25696612
26316637
25167675
26801212
26507813
27509213
26595900
27878812
27620250
29077237
28151663
37724438
28966388
29916338
29128200
30605550
30255900
31756012
30267637
31911487
31765612
32625675
31729238
33315600
32830088
34092300
52971600
34580812
34543200
35340225
35321212
37353000
36181688
37001438
35770913
37802025
37595925
38738738
37216425
39852525
39489937
39999600
39533588
40989487
40816200
47353087
40905825
43092712
41985713
43891875
42336037
44337600
44082375
60498262
44069438
47471625
45387750
46898625
71062050
48242025
47730450
49135838
47839913
49712025
49963913
50580938
49456387
51412163
51558862
53914462
51579937
53786513
53241938
54718388
53486775
56036888
55864012
58171163
58856550
129877950
72037612
61008713
57549975
63095175
59760113
61557188
59990287
62210512
62059012
64241513
96768150
64798688
64822162
67206300
66952537
67762350
67167525
68347838
66023963
70489312
70324763
70991438
71912025
74351812
76566750
73778325
70394250
75496800
75108112
77020613
81303675
78888825
77845387
79137712
75579225
80115225
81719925
82343438
81093413
112739587
83125987
84808725
121697475
88195725
85588650
92588925
86041575
88427925
98885625
91448588
86534437
92904375
106819687
93995775
91748250
95113725
98719987
96389175
92414962
98899913
98015325
102296288
97463138
100181363
101310975
106869225
101821575
115147575
124486238
112444612
105343462
111949575
108601500
109387312
159006300
111340800
111739763
119962988
120548325
114848175
117135338
116782050
114979238
117912862
119696962
128945850
117115463
121232963
121317713
136048875
118003875
125896163
125145900
128711512
126172688
137056987
136406475
178093988
136466437
137642437
133707187
140728875
134956125
136885688
136827412
138349200
193501200
144520987
142080375
146168138
144849863
145045950
151283025
197824237
156493238
150990862
150922500
173233913
153400800
156101212
152975700
158011237
156487088
167203238
170765738
161489550
171746738
168627562
163816462
164142600
171546525
177527888
169091625
171524213
171479887
173238863
190753200
175148213
240719775
179051662
203642963
183373912
183195300
222140625
185533050
184011825
188936137
193774950
190676812
192934538
194456250
222070500
197307712
195145725
199737188
204013012
202052100
205257488
