38
38
37
37
113
113
487
487
525
525
750
750
750
750
862
862
1500
1500
1800
1800
2400
2400
2888
2888
3225
3225
3900
3900
4875
4875
5663
5663
6825
6825
7875
7875
9412
9412
10950
10950
12788
12788
14663
14663
16650
16650
18863
18863
21712
21712
23925
23925
27112
27112
30075
30075
54488
54488
60300
60300
65887
65887
62175
62175
67050
67050
82050
82050
58988
58988
64575
64575
71025
71025
97538
97538
105600
105600
112425
112425
121237
121237
128288
128288
139950
139950
144975
144975
160275
160275
166725
166725
178613
178613
191325
191325
204863
204863
217838
217838
234000
234000
247013
247013
253950
253950
273525
273525
290250
290250
303563
303563
319350
319350
333412
333412
351525
351525
369750
369750
389512
389512
399938
399938
443662
443662
475575
475575
496237
496237
525863
525863
548100
548100
573675
573675
602137
602137
636038
636038
655537
655537
681038
681038
703650
703650
738300
738300
756825
756825
783075
783075
811725
811725
837975
837975
867488
867488
895275
895275
934088
934088
963600
963600
998625
998625
1028962
1028962
1072163
1072163
1110375
1110375
1140938
1140938
1179788
1179788
1216275
1216275
1248525
1248525
1289062
1289062
1323487
1323487
1373925
1373925
1402613
1402613
1454175
1454175
1507987
1507987
1544925
1544925
1582912
1582912
1626675
1626675
1673475
1673475
1731000
1731000
1770750
1770750
1820925
1820925
1868362
1868362
1938450
1938450
1976737
1976737
2030100
2030100
2089312
2089312
2165025
2165025
2212687
2212687
2286262
2286262
2348025
2348025
2459812
2459812
2511450
2511450
2584125
2584125
2661037
2661037
2745188
2745188
2785163
2785163
2877713
2877713
2937450
2937450
3040837
3040837
3082537
3082537
3194362
3194362
3231975
3231975
3358463
3358463
3395963
3395963
3496162
3496162
3607163
3607163
3717862
3717862
3779250
3779250
3867450
3867450
3912975
3912975
4042988
4042988
4112400
4112400
4216050
4216050
4311150
4311150
4420050
4420050
4571888
4571888
4589963
4589963
4685587
4685587
4775362
4775362
4877887
4877887
4955062
4955062
5057625
5057625
5179725
5179725
5273662
5273662
5397337
5397337
5473500
5473500
5614687
5614687
5710312
5710312
5816475
5816475
5966625
5966625
6059287
6059287
6171488
6171488
6320587
6320587
6427200
6427200
6518212
6518212
6641887
6641887
6713400
6713400
6777750
6777750
6993000
6993000
7155938
7155938
7309425
7309425
7399200
7399200
7546050
7546050
7605375
7605375
7864013
7864013
7809412
7809412
8099025
8099025
8087925
8087925
8383237
8383237
8402850
8402850
8597962
8597962
8670638
8670638
8877000
8877000
9005212
9005212
9183188
9183188
9337425
9337425
9447337
9447337
9659887
9659887
9848850
9848850
9975713
9975713
10086488
10086488
10262588
10262588
10473863
10473863
10620150
10620150
10874775
10874775
10885125
10885125
11127675
11127675
11273363
11273363
11425725
11425725
11643713
11643713
11849437
11849437
12015825
12015825
12185625
12185625
12258150
12258150
12561788
12561788
12733462
12733462
12851813
12851813
13123687
13123687
13372425
13372425
13500300
13500300
13736063
13736063
13705687
13705687
14022525
14022525
14123213
14123213
14457637
14457637
14650687
14650687
14933738
14933738
15068888
15068888
15237675
15237675
15526275
15526275
15723863
15723863
16176563
16176563
16161750
16161750
16297087
16297087
16621425
16621425
16817175
16817175
16968937
16968937
17396287
17396287
17630588
17630588
17790037
17790037
18118388
18118388
18329850
18329850
18643200
18643200
18773475
18773475
18980625
18980625
19291575
19291575
19483838
19483838
19761600
19761600
19971113
19971113
20246137
20246137
20391263
20391263
20823975
20823975
20997412
20997412
21350175
21350175
21566813
21566813
21775388
21775388
22024613
22024613
22098225
22098225
22491713
22491713
22854450
22854450
23057100
23057100
23441700
23441700
23638238
23638238
23715488
23715488
24203737
24203737
24457838
24457838
24816862
24816862
25204163
25204163
25174162
25174162
25567575
25567575
26059125
26059125
26356688
26356688
26512275
26512275
26833837
26833837
27266587
27266587
27352987
27352987
27756112
27756112
28055813
28055813
28502812
28502812
28650637
28650637
29047987
29047987
29463412
29463412
29795138
29795138
29953087
29953087
30403050
30403050
30681450
30681450
31059900
31059900
31577812
31577812
31616137
31616137
31987800
31987800
32608312
32608312
32899313
32899313
33076650
33076650
33774037
33774037
33928162
33928162
34307925
34307925
34798163
34798163
35097825
35097825
35272763
35272763
35752125
35752125
36074138
36074138
36719925
36719925
36815062
36815062
37257525
37257525
37771538
37771538
38141287
38141287
38482125
38482125
38958750
38958750
39165600
39165600
39827963
39827963
39950400
39950400
40615275
40615275
40885425
40885425
41239988
41239988
41839800
41839800
42214238
42214238
42518700
42518700
42964950
42964950
43365075
43365075
43652700
43652700
44362012
44362012
44726437
44726437
45283500
45283500
45443137
45443137
45894975
45894975
46301813
46301813
46933800
46933800
47142300
47142300
47847488
47847488
48232500
48232500
48620325
48620325
48974362
48974362
49572825
49572825
50214900
50214900
50331188
50331188
50810325
50810325
51351525
51351525
51820950
51820950
52450200
52450200
52756200
52756200
53111850
53111850
53785950
53785950
54125025
54125025
54817463
54817463
55171838
55171838
55652588
55652588
56180362
56180362
56764275
56764275
57278850
57278850
58488338
58488338
58367063
58367063
58631400
58631400
59156138
59156138
59824725
59824725
61416262
61416262
61596225
61596225
62211975
62211975
63350100
63350100
62620688
62620688
62968050
62968050
63497400
63497400
64226025
64226025
64710038
64710038
65848537
65848537
72832950
72832950
70280288
70280288
87267037
87267037
76743375
76743375
103606800
103606800
78002512
78002512
70637213
70637213
69941550
69941550
70553400
70553400
71182987
71182987
71937938
71937938
73124700
73124700
72811500
72811500
73579988
73579988
74251237
74251237
75031875
75031875
75809813
75809813
76323788
76323788
76370062
76370062
77245875
77245875
77598637
77598637
78437700
78437700
78983100
78983100
79405162
79405162
79982325
79982325
80693400
80693400
81300600
81300600
81949837
81949837
82366575
82366575
83230463
83230463
84146063
84146063
84096450
84096450
85113487
85113487
85654800
85654800
86360812
86360812
86800125
86800125
87576075
87576075
88760363
88760363
89261175
89261175
89915700
89915700
90420750
90420750
90884625
90884625
91869038
91869038
92234550
92234550
95117437
95117437
94670362
94670362
95025412
95025412
95714775
95714775
96390787
96390787
96916538
96916538
97553963
97553963
98223487
98223487
99446513
99446513
99239700
99239700
100764675
100764675
100846688
100846688
102294000
102294000
102974587
102974587
103470300
103470300
104295300
104295300
104952937
104952937
106016963
106016963
106527375
106527375
107391788
107391788
108011250
108011250
109250325
109250325
109661850
109661850
110181600
110181600
111240037
111240037
111883462
111883462
113004637
113004637
113329950
113329950
114410063
114410063
115150088
115150088
115870500
115870500
116848087
116848087
117667125
117667125
118712287
118712287
119368088
119368088
120234488
120234488
120764325
120764325
121634550
121634550
122570475
122570475
123538050
123538050
124297238
124297238
125359913
125359913
126240075
126240075
126649313
126649313
127640625
127640625
128485425
128485425
129265537
129265537
130147725
130147725
131086087
131086087
131952938
131952938
133091400
133091400
134217037
134217037
135326700
135326700
135828300
135828300
136789237
136789237
137468812
137468812
138302812
138302812
139259587
139259587
140645887
140645887
141422175
141422175
142437375
142437375
143151525
143151525
144299175
144299175
144880650
144880650
145931025
145931025
146688487
146688487
148221563
148221563
149311838
149311838
149891438
149891438
150213638
150213638
151337475
151337475
152123325
152123325
153459300
153459300
154399725
154399725
156111450
156111450
157113075
157113075
158033325
158033325
159259725
159259725
159950963
159950963
160598250
160598250
161866013
161866013
163274137
163274137
164016600
164016600
164805412
164805412
165973463
165973463
167253263
167253263
168317625
168317625
169189238
169189238
170004675
170004675
171120937
171120937
172741687
172741687
173004337
173004337
174076800
174076800
174541388
174541388
176293275
176293275
177288262
177288262
178759350
178759350
180402300
180402300
181060950
181060950
182105925
182105925
183156675
183156675
183790612
183790612
185554012
185554012
186601575
186601575
187606725
187606725
188378025
188378025
190356112
190356112
189819000
189819000
191428087
191428087
192659138
192659138
