4950
17738
5100
6375
20400
9300
11025
26925
15300
17850
33825
23512
26100
29663
32963
37275
54900
58575
77250
74062
94350
104288
111975
120900
100537
121763
118200
158213
222338
201900
211200
221737
251475
248775
276037
294750
308588
331575
521400
367500
384975
404175
545775
525187
487762
524475
575812
687225
839550
648300
680175
715088
900112
789337
821250
856087
914475
926025
958088
994688
1047263
1303087
1118775
1272825
1213800
1252537
1731375
1343137
1549050
1570612
1937738
1543800
1713225
1714387
1720838
1783838
1807613
2179200
1940625
2011613
2202562
2149987
2206500
2229675
2539875
2441100
2469788
2702437
2634825
2694150
3055313
2991525
3136088
3117038
3265650
3194738
3918825
3692400
3445838
3720375
3567900
3701475
3922950
4051800
4345875
4660987
4365563
4281525
4671375
4647937
4881900
5363850
4914150
5045025
5004825
5409000
5366925
5622788
5713725
5935838
6135975
6204975
6091425
6612150
6285863
6399525
6762938
7114838
6995512
6961950
7310212
7394400
7773112
7545450
7944712
8007488
8264888
8234662
8769413
8479350
9239475
9081225
8976338
9458850
9677737
9453488
10110225
10297350
10079812
10563525
10772662
10779675
10810313
11190487
11390587
11434462
11908463
11788650
12092325
12650513
12481200
12825788
12893812
13275112
13989337
13665750
14180775
14137575
14094375
14739675
14614875
15040575
15178350
15531262
15468300
15454837
15951412
16335863
16526850
17036437
16841250
17281088
17433825
17765288
17990062
18757012
18395775
18800100
18987563
19465087
20020425
19753537
20453437
20355337
21210038
21582263
21223838
21921262
22157438
22057688
22841100
23470875
23224800
23825888
24535950
24028688
24504413
24921750
25242900
25325850
26157338
26239987
26813025
26593988
26952187
27502913
28489088
28294088
28948237
28941525
29937787
30233437
31403138
31076850
31997513
32135438
33166613
32571637
32551200
33366450
33084375
34171500
34335113
34577550
35327512
35609850
36247012
36275737
36924938
37133587
37341338
37400025
38111325
38467425
38863838
39621712
40238288
40074787
40485562
41463075
41698838
41884612
42360412
42698625
44079675
44073038
45568500
45410138
46080187
-609930288
45182512
45451013
46034212
46514100
47216175
47530462
48321863
48603113
49288350
49074788
50388450
50804812
51321037
51740062
52514625
52762312
53292675
53798925
54608025
54890325
55494600
56127263
56742150
57110175
57874538
58096275
59053800
59335575
59334113
60421012
60593325
61608788
62296837
62761313
63559537
63968662
64802287
65427112
66088238
66769275
67305900
68007075
68891925
69147675
70128862
70478100
70802850
71341125
72282375
72995437
73683825
74514600
75255562
75060750
76765275
76501988
77731538
78819600
79828350
79419075
80962575
81710963
82486125
83087213
83021137
84547500
85437900
85742400
86813475
87531038
88351725
89321025
89990137
90543825
91761825
92291062
92634113
93773625
94364438
94978275
96395137
96558375
97952325
98488238
98814487
99995250
100919250
101842950
102688050
103197075
104577637
104919450
105562200
106699762
107865937
108052312
109289775
110074238
111493763
111620250
112830037
113198738
114843563
115164187
116432813
117012525
118478363
118891350
120080850
120915525
122144475
122798437
123739950
124552237
126008325
126330900
128185687
128801588
129724875
130515038
131726812
132599137
133826737
134015850
134456025
136777725
137978437
138280050
139589250
140380012
142103550
142196025
143454000
144401025
145705725
146441287
147474300
148299937
150385237
150691087
151987800
152727300
154710563
155351063
156492750
157378913
159144637
159645563
161237850
162340688
163975312
164762475
165619650
166174838
168175612
168479700
170264025
170935012
172743975
174280725
174791812
175900500
177567825
178146488
179221650
180281962
182285362
183084675
184963050
185220413
187903538
187785225
189099937
190063200
192314738
192891562
194043300
195528375
197079037
197752650
199410563
200565600
202515262
203155463
204398137
205966500
207983137
208639087
210163425
210909150
212979863
213882975
215533388
216826050
218523900
219098212
221021325
222174825
223349888
224478975
226094700
227382412
229510313
229937850
232213875
236222437
235471500
236247187
237777825
239090550
241415850
241927350
243198750
244702725
247168200
247861912
249632475
250987162
252593137
254320950
256893000
257316638
259471612
260071650
262437675
263677050
265435275
266136075
267377513
269790112
