37
37
262
262
337
337
600
600
787
787
900
900
1125
1125
1313
1313
15562
15562
2063
2063
2475
2475
3075
3075
3450
3450
4425
4425
5400
5400
19012
19012
20100
20100
9712
9712
10275
10275
12413
12413
13762
13762
15525
15525
17925
17925
20100
20100
22913
22913
37875
37875
41138
41138
53738
53738
74025
74025
74925
74925
72000
72000
88050
88050
64200
64200
68775
68775
151313
151313
91912
91912
89887
89887
114450
114450
135337
135337
143063
143063
150525
150525
170662
170662
168487
168487
203400
203400
198375
198375
234975
234975
255488
255488
257887
257887
271763
271763
299100
299100
309788
309788
327150
327150
340388
340388
348787
348787
377025
377025
394838
394838
414337
414337
438412
438412
463500
463500
488738
488738
504412
504412
534113
534113
569175
569175
571500
571500
609450
609450
626962
626962
648150
648150
701775
701775
736125
736125
762075
762075
800625
800625
824812
824812
848400
848400
988088
988088
913875
913875
943238
943238
1088175
1088175
1011787
1011787
1044675
1044675
1181438
1181438
1122450
1122450
1129537
1129537
1296937
1296937
1207088
1207088
1262738
1262738
1310025
1310025
1346212
1346212
1502663
1502663
1432687
1432687
1508662
1508662
1536787
1536787
1557863
1557863
1644150
1644150
1775850
1775850
1718850
1718850
1894012
1894012
1855087
1855087
2014237
2014237
1937663
1937663
2100525
2100525
2032500
2032500
2200275
2200275
2195850
2195850
2358300
2358300
2343375
2343375
2471550
2471550
2501812
2501812
2497575
2497575
2736862
2736862
2553075
2553075
2654850
2654850
2828962
2828962
2773875
2773875
2837775
2837775
2960812
2960812
3178200
3178200
3053363
3053363
3122475
3122475
3367800
3367800
3304350
3304350
3448050
3448050
3570150
3570150
3495712
3495712
3579975
3579975
3872737
3872737
3697575
3697575
3878775
3878775
4080825
4080825
4104975
4104975
4137150
4137150
4245450
4245450
4364662
4364662
4358438
4358438
4423275
4423275
4540950
4540950
4662487
4662487
4792125
4792125
4911675
4911675
4938938
4938938
5004413
5004413
5129213
5129213
5223713
5223713
5336025
5336025
5448412
5448412
5535825
5535825
5648850
5648850
5774812
5774812
5938875
5938875
5997525
5997525
6186525
6186525
6255975
6255975
6323550
6323550
6486150
6486150
6569250
6569250
6661838
6661838
6758850
6758850
6968925
6968925
7011413
7011413
7147725
7147725
7231163
7231163
7476112
7476112
7617225
7617225
7623150
7623150
7742700
7742700
7964813
7964813
8028225
8028225
8170387
8170387
8273175
8273175
8537700
8537700
8554538
8554538
8722162
8722162
8849137
8849137
9126787
9126787
9162638
9162638
9340800
9340800
9517162
9517162
9777262
9777262
9792937
9792937
9981300
9981300
10120275
10120275
10371862
10371862
10387912
10387912
10687650
10687650
10982137
10982137
11127300
11127300
11268488
11268488
11347088
11347088
11546438
11546438
11774813
11774813
11749500
11749500
12056850
12056850
12249563
12249563
12614700
12614700
12580500
12580500
12800625
12800625
12937050
12937050
13310475
13310475
13468913
13468913
13686637
13686637
13814175
13814175
14504475
14504475
14233275
14233275
14447138
14447138
14606175
14606175
14883937
14883937
15395925
15395925
15383475
15383475
15696825
15696825
16045500
16045500
16057800
16057800
16326412
16326412
16738500
16738500
16660313
16660313
16886362
16886362
17180287
17180287
17383275
17383275
17640075
17640075
17851762
17851762
17777813
17777813
18116325
18116325
18426487
18426487
18452400
18452400
18721613
18721613
19285275
19285275
19461637
19461637
19793475
19793475
19987312
19987312
20273062
20273062
20225025
20225025
20338125
20338125
20608313
20608313
21268125
21268125
21567262
21567262
21958537
21958537
22049025
22049025
21816412
21816412
22142700
22142700
22308112
22308112
22672425
22672425
23021738
23021738
23875500
23875500
23922600
23922600
24047625
24047625
24017063
24017063
24453112
24453112
24995438
24995438
25342162
25342162
25689825
25689825
25597800
25597800
25768200
25768200
26613825
26613825
26576663
26576663
26919412
26919412
27952500
27952500
27435412
27435412
27858488
27858488
28513162
28513162
28414875
28414875
29075700
29075700
28843163
28843163
29492438
29492438
29534438
29534438
29966963
29966963
30007087
30007087
30114188
30114188
31059900
31059900
31415513
31415513
32096588
32096588
32071687
32071687
32224875
32224875
32828250
32828250
32992350
32992350
33723038
33723038
33763575
33763575
34290075
34290075
34420988
34420988
35167725
35167725
35034675
35034675
36098363
36098363
36266700
36266700
36549413
36549413
36548288
36548288
36955237
36955237
37247737
37247737
38240550
38240550
38451113
38451113
39046725
39046725
39000188
39000188
40697025
40697025
39471188
39471188
40244475
40244475
40351463
40351463
41832488
41832488
41982225
41982225
42453975
42453975
42208050
42208050
43060275
43060275
43235287
43235287
43767638
43767638
44346225
44346225
44841188
44841188
45351563
45351563
45634050
45634050
45369150
45369150
46353075
46353075
46941337
46941337
47245088
47245088
47273738
47273738
48388763
48388763
48428625
48428625
49155337
49155337
49606650
49606650
50358188
50358188
50100562
50100562
50947200
50947200
50901750
50901750
51887250
51887250
52017337
52017337
52695337
52695337
52913962
52913962
54011138
54011138
53998500
53998500
54594675
54594675
54965850
54965850
56235787
56235787
56634000
56634000
56957250
56957250
57297938
57297938
58207650
58207650
57948375
57948375
58702762
58702762
59092613
59092613
59798100
59798100
60054300
60054300
60894037
60894037
61335637
61335637
62270625
62270625
62235675
62235675
62748525
62748525
63451650
63451650
64122750
64122750
64287862
64287862
65050425
65050425
66005925
66005925
67025062
67025062
67394737
67394737
66162075
66162075
68473500
68473500
69007988
69007988
67839413
67839413
68794987
68794987
69859275
69859275
71840325
71840325
71281537
71281537
71731837
71731837
72860437
72860437
73733775
73733775
73746600
73746600
73519012
73519012
75015075
75015075
76147800
76147800
76336013
76336013
77099325
77099325
77498662
77498662
79134187
79134187
79030463
79030463
79467262
79467262
79396125
79396125
80239688
80239688
82427137
82427137
82510875
82510875
83981550
83981550
84408900
84408900
84891450
84891450
85574700
85574700
85321350
85321350
86843813
86843813
86697412
86697412
88662638
88662638
88902675
88902675
89731350
89731350
90105450
90105450
90871163
90871163
90510113
90510113
92947275
92947275
93747787
93747787
97092413
97092413
96265012
96265012
98323350
98323350
98629013
98629013
98935763
98935763
99316875
99316875
108160088
108160088
98150288
98150288
99303375
99303375
99523912
99523912
100991325
100991325
101062800
101062800
102134400
102134400
102708450
102708450
104343037
104343037
104006625
104006625
105205013
105205013
105793050
105793050
107588100
107588100
107632725
107632725
108872588
108872588
108937012
108937012
110548275
110548275
110196188
110196188
111082200
111082200
111479138
111479138
113552888
113552888
113716800
113716800
114906112
114906112
115111463
115111463
116805112
116805112
116661112
116661112
118058775
118058775
118167450
118167450
120295988
120295988
120634500
120634500
121000725
121000725
122134125
122134125
123901050
123901050
124140638
124140638
124923337
124923337
125892862
125892862
126678000
126678000
127063312
127063312
128422687
128422687
128917425
128917425
130377712
130377712
130496363
130496363
131512050
131512050
131955787
131955787
134064937
134064937
133895325
133895325
134775412
134775412
136083300
136083300
137431650
137431650
138187500
138187500
140025412
140025412
139032263
139032263
141397650
141397650
142018988
142018988
143846287
143846287
144187050
144187050
144554025
144554025
146524500
146524500
146353350
146353350
146808713
146808713
148998450
148998450
149578012
149578012
150852413
150852413
151493925
151493925
153299212
153299212
153227362
153227362
154544137
154544137
156018225
156018225
156857888
156857888
157396425
157396425
158446500
158446500
159385350
159385350
161514150
161514150
161329275
161329275
163088738
163088738
163552688
163552688
165946312
165946312
166623450
166623450
166598400
166598400
167637863
167637863
169264237
169264237
169811662
169811662
170734687
170734687
171339187
171339187
172870988
172870988
173745337
173745337
174994125
174994125
177310387
177310387
177646875
177646875
178357800
178357800
179698087
179698087
180518850
180518850
182263275
182263275
182120587
182120587
184415325
184415325
186274837
186274837
185787713
185787713
186409950
186409950
187889850
187889850
188823788
188823788
190618875
190618875
191399587
191399587
192748800
192748800
193700137
193700137
196662825
196662825
195795562
195795562
197347125
197347125
197718487
197718487
