38
38
38
38
338
338
750
750
1162
1162
1800
1800
2813
2813
3937
3937
5738
5738
7687
7687
10275
10275
13463
13463
17137
17137
21112
21112
26325
26325
32138
32138
39075
39075
46125
46125
54300
54300
63075
63075
74025
74025
84225
84225
97200
97200
109800
109800
125287
125287
140212
140212
159000
159000
175763
175763
208200
208200
229275
229275
256013
256013
281475
281475
308362
308362
317325
317325
350513
350513
378412
378412
414375
414375
469688
469688
508013
508013
547013
547013
589575
589575
638287
638287
684487
684487
732075
732075
782588
782588
838912
838912
895350
895350
956550
956550
1021313
1021313
1079025
1079025
1246575
1246575
1226587
1226587
1284188
1284188
1365525
1365525
1454738
1454738
1580438
1580438
1653000
1653000
1837912
1837912
1877175
1877175
2084175
2084175
2073863
2073863
2211900
2211900
2326950
2326950
2454750
2454750
2864025
2864025
2698312
2698312
2831287
2831287
2971387
2971387
3071850
3071850
3199387
3199387
3355050
3355050
3492600
3492600
3609450
3609450
3843375
3843375
3904838
3904838
4046925
4046925
4242600
4242600
4379287
4379287
4557450
4557450
4892175
4892175
5002950
5002950
5058375
5058375
5302163
5302163
5433187
5433187
5669475
5669475
5812837
5812837
6039375
6039375
6274913
6274913
6439425
6439425
6707887
6707887
6879037
6879037
7156463
7156463
7399163
7399163
7738575
7738575
7884637
7884637
8083013
8083013
9007575
9007575
8520863
8520863
8840325
8840325
9125850
9125850
9389325
9389325
9665625
9665625
10087800
10087800
10274700
10274700
10720312
10720312
10896937
10896937
11184338
11184338
11405100
11405100
11816137
11816137
12087825
12087825
12527738
12527738
12789487
12789487
13635038
13635038
13454737
13454737
13809263
13809263
14151638
14151638
14592750
14592750
14956463
14956463
15415238
15415238
15650587
15650587
16480463
16480463
16525800
16525800
17409113
17409113
17612512
17612512
18908963
18908963
18667087
18667087
19934137
19934137
19685213
19685213
28929225
28929225
20716200
20716200
21997575
21997575
21708900
21708900
23279512
23279512
22709738
22709738
23891063
23891063
23581762
23581762
25375462
25375462
24614400
24614400
25725113
25725113
25668112
25668112
27229087
27229087
26849138
26849138
27860512
27860512
28023225
28023225
30686513
30686513
29205487
29205487
30049763
30049763
30409125
30409125
31604550
31604550
31635638
31635638
32840288
32840288
32983688
32983688
34640962
34640962
34528575
34528575
35212312
35212312
35601113
35601113
36959775
36959775
37638937
37638937
38639850
38639850
39150637
39150637
42915338
42915338
40787925
40787925
41553075
41553075
42573787
42573787
43534050
43534050
43952925
43952925
44756400
44756400
45320587
45320587
46922175
46922175
47414475
47414475
48893738
48893738
53748375
53748375
50854875
50854875
51254700
51254700
51915637
51915637
52900425
52900425
57038550
57038550
55092900
55092900
56317575
56317575
56644800
56644800
57472875
57472875
59067112
59067112
60285413
60285413
62674613
62674613
62060475
62060475
62797088
62797088
65161500
65161500
65605050
65605050
65906512
65906512
68060175
68060175
68337975
68337975
69590962
69590962
76161712
76161712
72142012
72142012
72846075
72846075
75918713
75918713
74494050
74494050
79469625
79469625
77607750
77607750
80405662
80405662
80485763
80485763
81710963
81710963
82435613
82435613
84484762
84484762
84659063
84659063
90643762
90643762
88182187
88182187
90143362
90143362
94254338
94254338
92631375
92631375
94782750
94782750
95949263
95949263
94780388
94780388
98046825
98046825
98722050
98722050
100920225
100920225
101550225
101550225
104190262
104190262
113892562
113892562
107345625
107345625
107976975
107976975
109997025
109997025
111854363
111854363
112908075
112908075
118378425
118378425
117498413
117498413
117566963
117566963
119742788
119742788
120969825
120969825
123769237
123769237
124622850
124622850
126051150
126051150
125384137
125384137
129555337
129555337
132072750
132072750
131606362
131606362
132810975
132810975
135694312
135694312
136719038
136719038
139963200
139963200
143766750
143766750
146993475
146993475
144049388
144049388
147730050
147730050
147450225
147450225
150580800
150580800
152318850
152318850
154375013
154375013
155924662
155924662
159221850
159221850
