37
112
300
450
525
638
900
1275
975
1612
2100
2588
2550
3413
3975
5025
4837
5925
7163
8625
8175
10313
11662
13613
13200
15600
18075
20812
19912
23962
26512
30037
29025
38175
37237
41963
41662
45487
50625
56512
54413
60712
66900
74025
73313
80963
86400
94987
93712
100612
109313
119250
118012
128288
136200
147413
146475
157875
166838
179887
178275
191888
202275
216675
216525
230213
242100
258300
256462
274013
286650
305137
302925
322238
342225
357188
354825
374213
392287
414862
412500
435862
456937
478650
475500
501600
529238
548700
545287
573787
594825
625275
621075
724350
679012
708787
739763
733762
764250
800700
797063
831300
859800
898237
904950
934500
960900
1020488
1012800
1054050
1113525
1161900
1636725
1510875
1579763
1689300
1666200
1773112
1854675
1905938
1787438
1919925
1594050
1667175
1951087
2167537
1778175
1851263
4481775
1931850
1962638
2007075
2010563
2056463
2134875
2192812
2279513
2260838
2317275
2392837
2387550
2444513
2506725
2609625
2788688
2675550
2880450
2830650
2978550
2858212
2952225
3058312
3436688
3482775
3535537
3655238
3651337
3732150
3806400
3896588
4207275
4002263
4074638
4201538
4214737
4294350
4361212
4475775
4557638
4593862
4676362
5268337
4812788
4880587
4988887
5100000
5493187
5189438
5343675
5437238
5500650
5570475
5734988
5800875
5927737
5897363
6137063
6184238
6216750
6411713
6411750
6541987
15073875
6645712
6853575
8007075
6976650
7104450
7393275
7336387
7716413
7582500
7646813
7789725
7830112
17326612
8052863
8195250
8863050
8358000
8542725
8744437
8984400
8826787
8939437
9193200
9384750
9287250
9701738
9635850
9792788
9784913
10086300
10131338
11048738
10360050
10465013
10720013
10735988
10846275
11012400
11214525
11462475
11570437
11583975
11775638
12256575
11938838
12140587
12506475
13430100
21939863
12739837
13793925
13347787
13190175
14087588
13596750
14260800
13833413
14601975
14385300
14800275
14905125
16170938
15700837
47183475
16502512
16848150
17449538
17117212
18108638
18737550
19067288
19242675
19859287
21639337
21103275
21380512
22036650
22714988
23088900
23303437
32546887
23146388
23754412
22960800
24028013
24281850
24889838
24347887
25076775
25150125
25858012
25196587
26234850
26571975
27204937
37804012
27268462
27494663
28181513
27457500
28510762
28741350
29412975
28616925
29801813
29880863
30758588
30018788
31089413
31082213
31910250
32875200
32244075
32486700
33311663
32257838
33725100
33758963
35116612
34066275
34864575
35096325
53764987
35016375
36153225
36635175
37610137
68775675
37907138
38009475
39011737
39233438
40550063
40160812
40785600
40499625
41114363
41448187
41964712
41756812
43296150
42932850
43744462
44847637
43926975
44669925
45346163
43902112
115076775
48154050
47136375
46262400
47544225
47727150
48884288
47482050
49244287
49828800
50682225
93062513
50958600
51481088
52248637
50834212
52588237
53137650
53999850
53609475
54576112
54841838
55904737
54913200
56722387
57421575
57862950
59576437
58435875
58681725
59862750
58348012
60704888
60829238
61805438
61373250
62444025
62835600
64205588
62326725
70345050
64863862
66008213
118318425
66429338
66955875
68426812
66404175
68729512
70055287
70374150
69689737
71005463
74034825
72619500
70936087
73182862
74098763
74829262
77130900
75903975
76547063
77901375
75291450
77949637
78112575
80003550
78389700
85207950
87144900
82660200
80819175
83523788
83500162
84717525
153824100
85598063
85860937
90594975
85786275
88121250
89733225
90134025
88958550
90945000
91064138
94606538
90514462
93717600
94063350
100948312
97590450
97381050
96712013
98967937
94743225
100995150
100544025
168833588
99537375
102281250
102399788
105223200
100781175
106023113
105559875
106777313
189657900
108046237
108571800
111891075
107511375
112551300
112033500
185951363
112898625
116020163
115273988
157901062
112565587
121042687
118587263
122207887
122448300
126091313
123853162
124931887
120832425
129949237
125507888
127904063
125107125
134648925
128581425
133320075
125758087
132343087
136655962
135729562
236022037
136903650
147674175
146885288
134164050
212220450
145339162
145382100
143007563
145588013
146872013
105676256
193247812
231102750
148500075
151967888
153405037
159829088
157072238
163737150
